%YAML:1.0
---
K: !!opencv-matrix
   rows: 3
   cols: 3
   dt: d
   data: [ 436.03289794921875, 0., 417.1617126464844, 
           0., 434.864990234375, 249.8320770263672, 
           0., 0., 1. ]
D: !!opencv-matrix
   rows: 1
   cols: 5
   dt: d
   data: [ -0.052515894174575806, 0.057547565549612045, -9.01404746400658e-06, -0.0004939873469993472, -0.018726440146565437 ]
